8.50381835293e-05
0.107793450037
0.0597550926769
0.0846878281047
0.0353685374611
0.0351147659817
0.0903340039168
0.0
0.0
0.0
0.0
0.13314990823
0.11080461663
0.0
0.0
0.0
0.109275429364
0.116003850285
0.0766392932542
0.0796946676355
0.0378825154447
0.0350688683003
0.00266668706816
0.120497780069
0.0
0.0
0.0
0.00203123596221
0.0321583726649
0.00773894886164
0.00184332295127
0.0461450303406
0.023273005449
0.0765496010592
0.0783969315006
0.101495830942
0.0440103785211
0.0714553601682
0.129399927242
0.097723342527
0.0521466235746
0.0354223467052
-0.00532454340226
0.0191700765974
0.00269858074713
0.130904309996
0.0631570791021
0.113693506194
0.0303039539075
0.104670563037
0.0976756133107
0.0488109645998
0.0292250087958
0.0732073202965
-0.00410278458059
0.050440470401
0.035955700655
0.0359802114722
0.0945359852206
0.0508367425826
-0.0149138420438
0.126819718093
0.0252214912314
0.0420249387633
0.0846617233154
0.0657290328305
0.053720301363
0.078943949315
0.0646307992934
0.0
0.0
0.00142405147966
0.0
0.0
0.0
7.71329530786e-05
-0.0542856570786
0.0537796164922
0.080672382815
0.111583132294
0.0771628552812
0.0464105479585
0.116733918477
0.0190710713329
-0.00015254644437
0.0731708543355
0.0422120665862
0.0658092948465
0.0
0.0
0.0
0.0895406796743
0.156688671678
0.101815195819
0.0574386766987
0.0509818523743
0.0830705014905
0.11087447262
0.0456438135275
0.0544855948049
0.112211440892
0.0325803373705
0.0
0.0
0.0
-0.0249655247463
0.033516239436
0.0
0.0
0.0
0.00334390071267
0.0726800182504
0.109844926533
0.0395447848988
0.0140911251211
0.0868084737156
0.0475742285106
0.0485171914373
0.0971357298874
0.0695781549463
0.0479098822029
0.0714710512069
0.0868370747416
0.0870828303296
0.121414146909
0.035883399818
0.0835601292296
0.085610274166
0.0514171346364
0.0493973319384
0.0262896565722
0.10996975213
0.116000219503
-0.00519241641945
0.0485202076702
0.0405594969775
