[0.08, -0.0, -0.01, -0.02, 0.15, -0.07, 0.09, 0.39, 0.02, -0.38, -1.38, -1.14, -2.77, -2.11, -0.43, -2.76, -2.79, -0.14, -0.36, 0.03, -0.74, -1.81, -1.58, 2.76, 1.71, -0.16, 3.48, -1.17, 2.79, -0.18, 2.13, 0.26, 1.85, -0.35, -0.32, 0.42, 0.04, 0.01]
[0.05, 0.02, -0.0, 0.1, 0.08, 0.03, -0.01, 0.12, 0.02, 0.02, -0.0, 0.13, 0.04, 0.03, -0.04, 0.11, 0.09, -0.04, -0.0, 0.11, 0.01, -0.0, -0.0, 0.05, -0.0, -0.01, 0.03, 0.05, 0.01, -0.0, -0.0, 0.05, 0.01, -0.01, 0.1, 0.05, 0.02, -0.01, 0.1, 0.01]
[0.02, 0.03, 0.04, 0.11, 1.26, -0.31, 1.0, 0.35, -3.22, -3.72, 1.15, 1.07, -1.37, 0.26, 0.99, 0.2, 0.34, -0.64, 0.88, 0.28, -1.31, -0.31, 0.7, -0.73, 0.08, -0.33, 0.05, 0.01, 0.15, -0.48, 0.35, -0.31, -0.22, -0.05, -0.13, 0.09, 0.23]
[-0.12, -0.1, -0.19, 0.31, -0.09, -0.63, -1.66, 0.81, -1.08, -5.32, -2.15, -4.01, 0.57, 0.4, -1.5, 2.67, 0.25, -1.72, -0.66, 0.9, 0.34, 0.33, -0.15, -0.11, 1.55, 0.1, -0.43, 0.21, 0.27, 0.42, -0.27, 0.08, -0.24, 0.27, -0.14, 0.1, -0.18, 0.16, 0.1]
[-0.0, 0.12, 0.04, 0.03, 0.49, 0.22, 1.45, 0.61, 3.6, -4.79, -0.89, 1.78, -0.24, -1.49, 1.66, 1.23, -1.13, 0.96, 0.52, -0.57, -1.04, -0.62, 0.39, -0.15, 0.15, -0.08, 0.37, -0.07, 0.56, 0.04, 0.21, 0.27, 0.06, -0.05, 0.29, 0.28, -0.0]
[0.04, 0.23, -0.04, 1.8, 1.19, 5.42, -0.21, 1.59, 0.41, -1.87, -0.7, 1.46, -2.0, 0.54, 0.33, -0.51, -0.12, -0.65, 0.27, -0.21, -0.33, -0.42, 0.5, -0.25, 0.63, -0.26, 0.07, -0.11, 0.38, -0.2, 0.39, -0.03, 0.05]
[0.01, 0.23, -0.01, -0.09, 0.22, -1.25, 0.63, -5.7, 2.39, 4.85, -0.93, -0.36, 1.47, -0.29, 1.0, 1.08, -0.02, 0.17, -0.01, 0.18, -0.07, -0.14, 0.38, 0.32, 0.18, 0.28, -0.04, -0.0, 0.15, 0.08, 0.11, -0.0, 0.06, -0.04, 0.05, -0.0, 0.08, 0.14]
[0.08, 0.02, 0.01, 0.1, 0.31, 0.98, 0.81, 0.3, 4.88, -4.18, -0.97, 1.89, -0.32, -1.92, 0.01, -0.3, -0.96, 0.19, 1.19, -1.3, -0.74, 0.34, 0.16, 0.28, 0.09, -0.21, 0.03, 0.08, 0.09, -0.0, -0.07, 0.16, 0.07, -0.11, -0.0, 0.01, -0.05, -0.12, 0.08]
[-0.0, -0.02, -0.02, 0.07, -0.12, 4.43, 2.98, 0.81, 2.13, 1.82, -0.73, 1.33, 1.91, -0.39, -0.12, 0.25, -0.19, -0.32, -0.41, -0.15, 0.13, -0.1, 0.07, 0.02, -0.07, 0.05, -0.0, 0.04, -0.0, 0.02, 0.06, 0.04, -0.01, -0.07, 0.12, -0.04, -0.0, 0.11]
[0.01, 0.01, 0.04, 0.06, -0.92, -0.61, 0.91, -6.54, 3.12, -1.02, -0.92, -0.69, 0.62, -0.26, 1.14, 0.38, -0.27, 0.18, 0.94, 0.36, -0.1, 0.11, 0.22, 0.54, 0.16, -0.13, 0.05, -0.04, 0.24, -0.03, 0.15, -0.05, 0.16, -0.0, 0.03, -0.04, -0.0, 0.1]
[-0.02, -0.0, 0.13, -0.0, 0.1, 0.84, -0.16, 0.04, 5.09, -4.43, 0.56, 2.88, -1.6, -1.89, 1.4, -1.16, -0.77, 0.5, 0.28, -0.03, -0.0, 0.21, 0.07, -0.22, -0.17, -0.0, 0.28, -0.14, 0.14, -0.1, 0.33, -0.15, -0.0, 0.06, 0.21, -0.05, 0.1, -0.07]
[-0.0, 0.05, 0.08, 0.05, 0.09, -0.03, 0.08, 0.1, -0.04, -0.04, 0.11, -0.0, -0.04, -0.06, 0.07, 0.01, -0.03, 0.02, 0.01, -0.0, 0.09, -0.05, -0.06, 0.05, -0.02, -0.05, 0.09, 0.02, -0.01, 0.08, 0.08, -0.03, -0.0, -0.02, 0.07, 0.04, -0.02, -0.03, 0.06]
[-0.01, 0.11, -0.03, -0.0, 0.01, 0.06, -0.0, 0.02, -0.07, 0.09, -0.02, -0.07, -0.03, -0.0, -0.05, -0.02, 0.01, -0.02, -0.03, -0.01, 0.05, 0.03, 0.02, -0.01, 0.09, 0.07, -0.01, -0.06, 0.08, 0.04, -0.03, -0.02, 0.08, -0.0, 0.01, 0.02, 0.05, 0.04]
[0.01, 0.05, 0.03, 0.07, 0.01, 0.13, 1.0, 0.44, 0.16, -2.6, -5.83, 1.36, 2.2, -2.07, 0.06, -2.14, -0.8, -1.31, -0.19, -0.14, 0.05, -0.02, -0.18, -0.05, 0.2, 0.07, 0.08, 0.09, -0.04, 0.24, 0.42, -0.65, -0.06, -0.13, 0.2, 0.21, -0.24, 0.28, -0.18]
[-0.0, 0.05, -0.01, -0.02, -0.54, -0.46, -0.11, -0.58, 5.68, -3.22, 0.33, -1.19, 1.34, 0.49, 0.91, 0.66, 0.15, 0.89, 1.55, 1.66, -0.64, 0.65, -0.18, 0.37, -0.24, -0.0, 0.04, 0.08, 0.04, -0.06, 0.07, -0.02, -0.03, 0.07, -0.0, 0.02, -0.0]
[0.01, -0.0, 0.04, 0.06, 0.03, -0.57, -0.99, -8.13, -0.23, -0.04, 0.32, 0.06, 1.14, -0.01, 0.81, 0.24, 0.59, 0.71, -0.41, 0.17, 0.13, 0.58, -0.07, -0.04, -0.06, 0.27, 0.35, -0.19, 0.15, -0.25, 0.27, -0.04, 0.21, -0.17, -0.1, 0.2]
[-0.0, -0.03, 0.11, 0.06, 0.07, 0.71, 0.09, 0.04, 3.56, -3.35, 0.55, 1.31, -0.77, -1.41, 0.05, -0.1, -0.12, -0.24, -0.36, 0.14, 0.17, -0.01, 0.24, -0.04, 0.11, -0.2, -0.23, 0.22, -0.17, 0.19, -0.06, 0.1, 0.14, -0.08, 0.12, -0.07, -0.08, -0.0]
[-0.04, -0.05, 0.11,